3.848100 10.153900 -3.856100 -4.222800 -1.000000
4.004700 0.459370 1.362100 1.618100 -1.000000
-0.048008 -1.603700 8.475600 0.755580 -1.000000
-1.266700 2.818300 -2.426000 -1.886200 1.000000
2.203400 5.994700 0.530090 0.849980 -1.000000
5.735300 5.280800 -2.259800 0.075416 -1.000000
3.627700 0.982900 0.688610 0.634030 -1.000000
-1.040100 9.398700 0.859980 -5.333600 -1.000000
3.464700 -3.917200 3.974600 0.361190 -1.000000
4.336500 -3.584000 3.688400 0.749120 -1.000000
-1.843900 -8.647500 7.679600 -0.666820 1.000000
-2.052900 3.838500 -0.795440 -1.213800 1.000000
4.890600 -3.358400 3.420200 1.090500 -1.000000
-3.026500 -0.062088 0.686040 -0.055186 1.000000
-3.269200 -12.740600 15.557300 -0.141820 1.000000
-1.525200 -6.253400 5.352400 0.599120 1.000000
0.184800 6.507900 2.013300 -0.872420 -1.000000
-2.647900 10.137400 -1.331000 -5.470700 -1.000000
-3.277800 1.802300 0.180500 -2.393100 1.000000
-1.747900 -5.823000 5.869900 1.212000 1.000000
-0.409510 -0.155210 0.060545 -0.088807 1.000000
-3.920400 4.072300 -0.236780 -2.115100 1.000000
-2.967200 -13.286900 13.472700 -2.627100 1.000000
3.989900 -2.706600 2.394600 0.862910 -1.000000
2.371800 7.490800 0.015989 -1.741400 -1.000000
-0.820530 0.651810 -0.488690 -0.527160 1.000000
3.466700 -4.072400 4.288200 1.541800 -1.000000
-0.360380 4.115800 3.114300 -0.371990 -1.000000
1.781900 6.917600 -1.274400 -1.575900 -1.000000
-0.539660 7.327300 0.465830 -1.454300 -1.000000
4.826500 0.802870 1.637100 1.187500 -1.000000
3.404000 8.726100 -2.991500 -0.572420 -1.000000
-1.758200 2.739700 -2.532300 -2.234000 1.000000
-3.598500 -13.659300 17.605200 -2.492700 1.000000
1.518000 5.694600 0.094818 -0.026738 -1.000000
-0.117830 -1.578900 8.030000 -0.028031 -1.000000
-1.005000 0.084831 -0.246200 0.456880 1.000000
-3.019300 1.777500 0.737450 -0.453460 1.000000
4.275600 -2.652800 2.137500 0.944370 -1.000000
4.393700 0.357980 2.041600 1.200400 -1.000000
-1.366000 0.184160 0.905390 1.580600 1.000000
2.508900 6.841000 -0.029423 0.449120 -1.000000
-1.522200 10.840900 2.782700 -4.097400 -1.000000
-4.293200 3.341900 0.772580 -0.997850 1.000000
-2.564000 -1.705100 1.502600 0.327570 1.000000
1.450100 3.606700 -4.055700 -1.596600 1.000000
0.428300 -0.949810 -1.073100 0.321100 1.000000
-4.676500 -5.663600 10.969000 -0.334490 1.000000
-2.647900 10.137400 -1.331000 -5.470700 -1.000000
1.535600 9.177200 -2.271800 -0.735350 -1.000000
-0.278000 8.188100 -3.133800 -2.527600 -1.000000
0.115920 3.221900 -3.430200 -2.845700 1.000000
-2.588000 3.865400 -0.333600 -1.279700 1.000000
-3.724400 1.903700 -0.035421 -2.509500 1.000000
-0.126240 10.321600 -3.712100 -6.118500 -1.000000
5.130200 8.670300 -2.891300 -1.508600 -1.000000
-2.140500 -0.167620 1.321000 -0.209060 1.000000
-2.447300 12.624700 0.735730 -7.661200 -1.000000
-2.733800 0.455230 2.439100 0.217660 1.000000
-0.657670 -2.801800 3.711500 0.997390 1.000000
0.121260 0.223470 -0.473270 0.970240 1.000000
3.781800 -2.884600 2.255800 -0.157340 -1.000000
-0.490810 2.845200 -3.643600 -3.100400 1.000000
2.720600 9.082100 -3.311100 -0.968110 -1.000000
0.250350 9.326200 -3.687300 -6.254300 -1.000000
2.091100 0.943580 4.551200 1.234000 -1.000000
-2.234000 -7.031400 7.493600 0.613340 1.000000
1.774800 -0.769780 5.585400 1.303900 -1.000000
3.269700 -4.341400 3.688400 -0.298290 -1.000000
-3.816700 5.140100 -0.650630 -5.430600 1.000000
-0.106480 -0.767710 7.757500 0.641790 -1.000000
1.866400 7.776300 -0.238490 -2.963400 -1.000000
2.194300 4.550300 -4.976000 -2.725400 1.000000
2.533100 2.913500 -0.822000 -0.122430 -1.000000
-4.021800 -8.304000 12.555000 -1.509900 1.000000
2.949900 2.249300 1.345800 -0.037083 -1.000000
-0.539000 -5.167000 3.439900 0.052141 1.000000
0.110320 1.974100 -3.366800 -0.652590 1.000000
3.624400 1.460900 1.350100 1.928400 -1.000000
-3.820300 -13.055100 16.958300 -2.305200 1.000000
-5.480800 8.181900 0.278180 -5.032300 1.000000
1.311400 4.546200 2.293500 0.225410 -1.000000
0.379840 0.709750 0.757160 -0.444410 -1.000000
3.203200 5.758800 -0.753450 -0.612510 -1.000000
3.512700 2.907300 1.057900 0.407740 -1.000000
-1.940900 -8.684800 9.155000 0.940490 1.000000
-5.121600 -5.311800 10.384600 -1.061200 1.000000
-1.423300 -0.989120 2.358600 0.394810 1.000000
-3.460500 2.690100 0.161650 -1.022400 1.000000
-0.626840 -6.301000 4.784300 1.106000 1.000000
-0.772880 -7.447300 6.492000 0.361190 1.000000
0.300810 0.173810 -1.754200 0.489210 1.000000
-2.761100 -10.509900 9.023900 -1.954700 1.000000
-3.993300 2.621800 0.628630 -1.159500 1.000000
-2.628600 0.180020 1.795600 0.972820 1.000000
0.333250 3.310800 -4.508100 -4.012000 1.000000
-5.119000 6.648600 -0.049987 -6.520600 1.000000
0.600500 1.932700 -3.288800 -0.324150 1.000000
3.384800 3.267400 0.909670 0.251280 -1.000000
4.196200 0.744930 0.832560 0.753000 -1.000000
1.647200 0.482130 4.744900 1.225000 -1.000000
2.994000 7.201100 -1.215300 0.321100 -1.000000
1.731700 -0.347650 4.190500 -0.991380 -1.000000
4.010200 10.656800 -4.138800 -5.064600 -1.000000
1.645000 7.861200 -0.875980 -3.556900 -1.000000
-2.419800 -0.244180 0.701460 0.418090 1.000000
-3.358200 -7.240400 11.441900 -0.571130 1.000000
-0.595870 2.481100 -2.867300 -0.898280 1.000000
1.055200 1.185700 -2.641100 0.110330 1.000000
3.154100 -5.171100 6.599100 0.574550 -1.000000
0.395590 6.886600 1.058800 -0.675870 -1.000000
0.154230 0.117940 -1.682300 0.595240 1.000000
-6.424700 9.531100 0.022844 -6.851700 1.000000
2.396900 0.235890 4.847700 1.437000 -1.000000
3.549900 8.616500 -3.279400 -1.200900 -1.000000
-2.006600 -6.719000 9.016200 0.099985 1.000000
4.029600 2.675600 0.806850 0.716790 -1.000000
6.824800 5.218700 -2.542500 0.546100 -1.000000
-2.436500 3.602600 -1.416600 -2.894800 1.000000
1.489600 3.428800 -4.030900 -1.425900 1.000000
-0.126900 -1.150500 -0.951380 0.578430 1.000000
-1.955500 0.206920 1.247300 -0.370700 1.000000
4.096200 10.189100 -3.932300 -4.182700 -1.000000
2.084300 6.625800 0.483820 -2.213400 -1.000000
-2.105900 1.181500 -0.533240 -0.827160 1.000000
0.051979 7.052100 -2.054100 -3.150800 -1.000000
-1.011200 2.998400 -1.166400 -1.618500 1.000000
4.676500 -3.389500 3.489600 1.477100 -1.000000
2.000700 1.864400 2.649100 0.473690 -1.000000
-0.408040 0.542140 -0.527250 0.658600 1.000000
-1.011600 -0.190380 -0.905970 0.003003 1.000000
-2.698900 12.198400 0.676610 -8.548200 -1.000000
0.539360 3.894400 -4.816600 -4.341800 1.000000
5.608400 10.300900 -4.800300 -4.353400 -1.000000
-4.633800 -12.750900 16.716600 -3.216800 1.000000
3.183600 7.232100 -1.071300 -2.590900 -1.000000
-2.124100 -6.896900 5.599200 -0.471560 1.000000
-4.855400 -5.903700 10.981800 -0.821990 1.000000
3.189600 5.752600 -0.185370 -0.300870 -1.000000
3.752200 -3.697800 3.994300 1.305100 -1.000000
3.270400 6.932100 -1.045600 0.234470 -1.000000
-6.200300 8.680600 0.009134 -3.703000 1.000000
-0.776880 0.130360 -0.031137 -0.353890 1.000000
-1.257600 1.589200 7.007800 0.424550 -1.000000
3.245000 6.630000 -0.634350 0.869370 -1.000000
-2.799000 1.967900 -0.423570 -2.112500 1.000000
3.775800 7.178300 -1.519500 0.401280 -1.000000
0.190810 9.129700 -3.725000 -5.822400 -1.000000
-1.617600 1.092600 -0.355020 -0.599580 1.000000
-2.066200 0.169670 -1.005400 -0.829750 1.000000
-5.067600 -5.187700 10.426600 -0.867250 1.000000
4.103800 -4.806900 3.349100 -0.492250 -1.000000
1.143200 -3.741300 5.577700 -0.635780 -1.000000
-6.508400 8.769600 0.231910 -3.937000 1.000000
3.941400 -3.290200 3.167400 1.086600 -1.000000
3.300400 7.081100 -1.325800 0.222830 -1.000000
2.448600 -6.317500 7.963200 0.206020 -1.000000
3.936400 10.588500 -3.725000 -4.313300 -1.000000
1.304900 -0.155210 6.491100 -0.753460 -1.000000
1.698800 2.909400 2.904400 0.110330 -1.000000
2.016500 -0.252460 5.170700 1.076300 -1.000000
0.748410 7.275600 1.150400 -0.538800 -1.000000
5.786700 7.890200 -2.619600 -0.487080 -1.000000
5.402100 3.103900 -1.153600 1.565100 -1.000000
-1.797600 -6.768600 6.675300 0.899120 1.000000
1.318300 1.901700 -3.311100 0.065071 1.000000
1.181100 8.384700 -2.056700 -0.903450 -1.000000
4.071500 7.639800 -2.082400 -1.169800 -1.000000
1.363800 -4.775900 8.418200 -1.883600 -1.000000
-2.166800 1.593300 0.045122 -1.678000 1.000000
2.808400 11.304500 -3.339400 -4.419400 -1.000000
4.213400 -2.806000 2.011600 0.674120 -1.000000
-1.522000 -6.638300 5.749100 -0.106910 1.000000
0.049175 6.143700 1.782800 -0.721130 -1.000000
-0.172960 -1.181600 1.381800 0.733600 1.000000
3.515200 6.822400 -0.673770 -0.468980 -1.000000
0.813560 9.156600 -2.149200 -4.181400 -1.000000
-1.417400 -2.253500 1.518000 0.619810 1.000000
2.015300 0.436610 4.586400 -0.315100 -1.000000
-4.733100 -6.178900 11.388000 -1.074100 1.000000
-0.398160 5.978100 1.391200 -1.162100 -1.000000
-1.602900 -0.389030 1.620000 1.910300 1.000000
-2.647900 10.137400 -1.331000 -5.470700 -1.000000
-2.379700 -1.440200 1.127300 0.160760 1.000000
3.923200 -3.246700 3.457900 0.837050 -1.000000
0.967080 3.842600 -4.931400 -4.132300 1.000000
-1.532200 -5.096600 6.677900 0.174980 1.000000
-3.885800 -12.846100 12.795700 -3.135300 1.000000
2.046600 2.030000 2.176100 -0.083634 -1.000000
0.562320 1.001500 -2.272600 -0.006049 1.000000
0.803550 2.847300 4.343900 0.601700 -1.000000
-0.016103 9.748400 0.153940 -1.613400 -1.000000
2.422600 -4.575200 5.947000 0.215070 -1.000000
0.379800 0.709800 0.757200 -0.444400 -1.000000
-2.508400 -0.227630 1.488000 1.206900 1.000000
1.447900 -4.879400 8.342800 -2.108600 -1.000000
1.590200 2.294800 3.240300 0.184040 -1.000000
0.329240 -4.455200 4.571800 -0.988800 -1.000000
3.093400 -2.917700 2.223200 0.222830 -1.000000
-0.743240 -0.329020 -0.427850 0.233170 1.000000
4.836800 10.013200 -4.323900 -4.327600 -1.000000
3.999400 0.904270 1.169300 1.689200 -1.000000
-0.767940 3.459800 -3.440500 -3.427600 1.000000
-1.710400 -4.778000 6.210900 0.397400 1.000000
-3.805300 2.427300 0.680900 -1.087100 1.000000
5.275600 0.138630 0.121380 1.143500 -1.000000
0.376370 -0.823580 0.785430 0.745240 1.000000
-0.614420 -0.091058 -0.318180 0.502140 1.000000
0.884440 6.590600 0.558370 -0.441820 -1.000000
-0.360250 -4.449000 2.106700 0.943080 1.000000
0.559390 -0.310400 0.183070 0.446530 1.000000
-4.124400 3.790900 -0.653200 -4.180200 1.000000
-0.001285 0.138630 -0.196510 0.008175 1.000000
-0.280150 3.072900 -3.385700 -2.915500 1.000000
3.977200 0.335210 2.256600 2.162500 -1.000000
1.896700 -2.516300 2.809300 -0.797420 -1.000000
-0.218880 -2.203800 -0.095400 0.564210 1.000000
3.798200 10.423000 -4.160200 -4.972800 -1.000000
-1.478100 0.142770 -1.162200 -0.485790 1.000000
-1.754900 -0.080711 -0.757740 -0.370700 1.000000
0.496650 5.527000 1.778500 -0.471560 -1.000000
-2.482400 -7.304600 6.839000 -0.590530 1.000000
3.145200 5.825000 -0.514390 -1.494400 -1.000000
-0.757930 2.534900 -3.046400 -1.262900 1.000000
4.407200 -0.070365 2.041600 1.131900 -1.000000
0.872560 9.293100 -0.784300 -2.197800 -1.000000
0.832920 7.540400 0.650050 -0.925440 -1.000000
0.062525 2.930100 -3.546700 -2.673700 1.000000
4.616000 10.178800 -4.218500 -4.424500 -1.000000
3.890500 -2.152100 2.630200 1.104700 -1.000000
0.274510 9.218600 -3.286300 -4.844800 -1.000000
2.656200 10.704400 -3.308500 -4.076700 -1.000000
1.547800 9.181400 -1.632600 -1.737500 -1.000000
-6.959900 8.993100 0.218200 -4.572000 1.000000
3.841700 10.021500 -4.269900 -4.915900 -1.000000
-2.411500 -9.135900 9.344400 -0.652590 1.000000
3.464200 10.687800 -3.407100 -4.109000 -1.000000
-0.981930 2.795600 -1.234100 -1.566800 1.000000
-2.218300 -1.254000 2.998600 0.363780 1.000000
-1.771300 -10.766500 10.218400 -1.004300 1.000000
0.855740 0.008268 6.604200 -0.531040 -1.000000
0.519500 -3.263300 3.089500 -0.984900 -1.000000
4.068000 -2.936300 2.199200 0.500840 -1.000000
3.884600 -3.033600 2.533400 0.202140 -1.000000
2.805000 0.577320 1.342400 1.213300 -1.000000
1.581000 0.869090 -2.313800 0.824120 1.000000
-1.399500 -1.916200 2.515400 0.599120 1.000000
-0.092194 0.393150 -0.328460 -0.137940 1.000000
1.019400 1.102900 -2.300000 0.593950 1.000000
-2.913800 -9.471100 9.766800 -0.602160 1.000000
-0.779950 3.232200 -3.282000 -3.100400 1.000000
2.646300 -4.815200 6.354900 0.003003 -1.000000
-0.286960 3.178400 -3.576700 -3.189600 1.000000
0.574610 10.110500 -1.691700 -4.392200 -1.000000
-3.142300 -13.036500 15.677300 -0.661650 1.000000
4.223000 1.131900 0.722020 0.961180 -1.000000
1.725700 -4.469700 8.221900 -1.807300 -1.000000
-7.042100 9.200000 0.259330 -4.683200 1.000000
3.692200 -3.958500 4.343900 1.351700 -1.000000
4.924900 0.689060 0.773440 1.209500 -1.000000
-0.698790 -3.377100 4.121100 1.504300 1.000000
3.535800 6.708600 -0.818570 0.478860 -1.000000
0.929700 -3.797100 4.642900 -0.295700 -1.000000
-2.217300 1.467100 -0.726890 -1.172400 1.000000
-2.065900 1.051200 -0.462980 -1.097400 1.000000
-0.985400 -6.661000 5.824500 0.546100 1.000000
-0.530720 -0.097265 -0.217930 1.042600 1.000000
3.910200 6.065000 -2.453400 -0.682340 -1.000000
2.694600 6.797600 -0.403010 0.449120 -1.000000
3.864400 3.706100 0.704030 0.352140 -1.000000
5.177600 8.231600 -3.251100 -1.569400 -1.000000
-2.262500 -0.099335 2.812700 0.486620 1.000000
-2.552600 -7.362500 6.925500 -0.668110 1.000000
3.783100 10.052600 -3.886900 -3.736600 -1.000000
-0.935870 -5.100800 4.536700 1.386600 1.000000
0.066129 2.491400 -2.940100 -0.621560 1.000000
-1.786000 -8.115700 7.085800 -1.211200 1.000000
-5.881800 7.658400 0.555800 -2.915500 1.000000
1.934000 -0.000009 4.816000 -0.339670 -1.000000
0.616520 3.894400 -4.727500 -4.394800 1.000000
-1.979000 3.230100 -1.357500 -2.581900 1.000000
0.025013 3.399800 -4.432700 -4.265500 1.000000
-1.911600 -6.160300 5.606000 0.485330 1.000000
2.783100 10.979600 -3.557000 -4.403900 -1.000000
-2.861900 4.519300 -0.581230 -4.262900 1.000000
-1.522800 -6.478900 5.756800 0.873250 1.000000
-5.441400 7.236300 0.109380 -7.564200 1.000000
1.679900 4.206800 -4.539800 -2.393100 1.000000
4.406900 10.907200 -4.577500 -4.427100 -1.000000
-2.167400 0.124150 -1.046500 -0.862080 1.000000
0.519500 -3.263300 3.089500 -0.984900 -1.000000
-0.474650 -4.349600 1.990100 0.751700 1.000000
-3.392400 3.356400 -0.720040 -3.523300 1.000000
-2.089100 -0.484220 1.704000 1.743500 1.000000
0.343400 0.124150 -0.287330 0.146540 1.000000
-3.574100 3.944000 -0.079120 -2.120300 1.000000
0.740670 1.729900 -3.196300 -0.145700 1.000000
3.694100 -3.948200 4.262500 1.157700 -1.000000
-0.913180 -2.011300 -0.195650 0.066365 1.000000
-0.878340 3.257000 -3.677800 -3.294400 1.000000
0.704900 0.171740 -1.785900 0.361190 1.000000
4.988000 7.205200 -3.284600 -1.160800 -1.000000
0.947320 -0.571130 7.190300 -0.675870 -1.000000
-2.565000 -5.789900 6.012200 0.046968 1.000000
-0.416450 0.324870 -0.336170 -0.360360 1.000000
-1.670600 -2.090000 1.584000 0.711620 1.000000
-0.117160 0.604220 -0.385870 -0.059065 1.000000
-3.230500 -7.213500 11.643300 -0.946130 1.000000
3.952900 -2.354800 2.379200 0.482740 -1.000000
2.532800 7.528000 -0.419290 -2.647800 -1.000000
4.728500 2.106500 -0.283050 1.562500 -1.000000
5.391500 9.994600 -3.808100 -3.364200 -1.000000
2.803300 9.086200 -3.366800 -1.022400 -1.000000
2.896900 0.707680 2.290000 1.866300 -1.000000
-1.239000 -6.541000 4.815100 -0.033204 1.000000
2.716100 -4.200600 4.191400 0.169810 -1.000000
-2.298700 -5.227000 5.630000 0.917220 1.000000
1.964700 6.938300 0.577220 0.663770 -1.000000
0.777650 5.978100 1.194100 -0.352600 -1.000000
0.570600 -0.024800 1.242100 -0.562100 -1.000000
2.856100 6.917600 -0.793720 0.484030 -1.000000
-1.256800 -1.473300 2.871800 0.446530 1.000000
0.040498 8.523400 1.446100 -3.930600 -1.000000
1.098700 0.639400 5.989000 -0.582770 -1.000000
5.018500 8.597800 -2.937500 -1.281000 -1.000000
4.052000 -0.165550 0.453830 0.512480 -1.000000
-2.882900 3.896400 -0.188800 -1.167200 1.000000
-3.388400 -8.215000 10.331500 0.981870 1.000000
-3.320300 -0.026910 2.961800 -0.449580 1.000000
4.711400 2.075500 -0.270200 1.237900 -1.000000
-0.644720 -4.606200 8.347000 -2.709900 -1.000000
2.242900 -4.142700 5.233300 -0.401730 -1.000000
-1.557200 -9.880800 8.108800 -1.080600 1.000000
1.334900 6.118900 0.464970 0.498260 -1.000000
2.774400 6.857600 -1.067100 0.075416 -1.000000
-0.609750 -4.002000 1.847100 0.601700 1.000000
1.227900 4.030900 -4.643500 -3.912500 1.000000
0.541500 6.031900 1.682500 -0.461220 -1.000000
3.545800 9.371800 -4.035100 -3.956400 -1.000000
5.021400 8.076400 -3.051500 -1.715500 -1.000000
1.351800 1.059500 -2.343700 0.399980 1.000000
5.851900 5.390500 -2.403700 -0.061652 -1.000000
1.569100 6.346500 -0.182800 -2.409900 -1.000000
-1.284600 3.271500 -1.767100 -3.260800 1.000000
-0.233560 3.240500 -3.066900 -2.778400 1.000000
2.671800 5.657400 0.729740 -1.489200 -1.000000
3.525100 0.720100 1.692800 0.644380 -1.000000
4.289900 9.181400 -4.606700 -4.326300 -1.000000
5.418800 10.145700 -4.084000 -3.699100 -1.000000
4.055200 0.401430 1.456300 0.653430 -1.000000
4.052400 5.680200 -1.969300 0.026279 -1.000000
3.000900 5.812600 -2.230600 -0.665530 -1.000000
-3.136600 0.422120 2.622500 -0.064238 1.000000
-2.180200 3.379100 -1.225600 -2.662100 1.000000
3.482000 -4.163400 3.500800 -0.078462 -1.000000
-3.506000 -12.566700 15.160600 -0.752160 1.000000
-1.682000 -6.812100 7.139800 1.332300 1.000000
2.428700 9.382100 -3.247700 -1.454300 -1.000000
1.879900 2.470700 2.493100 0.376710 -1.000000
5.032000 8.202600 -2.625600 -1.034100 -1.000000
-2.534600 -0.773920 3.360200 0.001710 1.000000
1.745200 4.802800 2.087800 0.626270 -1.000000
-4.577000 3.451500 0.667190 -0.947420 1.000000
1.457800 -0.084850 4.178500 0.591360 -1.000000
3.621600 8.666100 -2.807300 -0.446990 -1.000000
3.938200 0.929100 0.785430 0.676700 -1.000000
5.029700 -4.970400 3.502500 -0.237510 -1.000000
3.929200 -2.915600 2.212900 0.308170 -1.000000
-3.591600 -6.228500 10.238900 -1.154300 1.000000
-5.047700 -5.802300 11.244000 -0.390100 1.000000
-1.361200 10.694000 1.702200 -2.902600 -1.000000
2.292800 9.038600 -3.241700 -1.299100 -1.000000
1.926500 7.755700 -0.168230 -3.077100 -1.000000
5.061700 -0.357990 0.446980 0.998680 -1.000000
3.525700 1.282900 1.927600 1.799100 -1.000000
4.296900 7.617000 -2.387400 -0.961640 -1.000000
3.977100 11.151300 -3.927200 -4.344400 -1.000000
2.614000 8.008100 -3.725800 -1.306900 -1.000000
1.065200 8.368200 -1.400400 -1.650900 -1.000000
1.733100 3.954400 -4.741200 -2.501700 1.000000
-1.180400 11.509300 0.155650 -6.819400 -1.000000
1.793900 -1.117400 1.545400 -0.260790 -1.000000
-3.855200 3.521900 -0.384150 -3.860800 1.000000
-4.396700 4.960100 -0.648920 -5.471900 1.000000
-1.992200 11.654200 2.654200 -5.210700 -1.000000
-1.409400 -2.125200 -0.103970 -0.192250 1.000000
-2.826700 -9.040700 9.069400 -0.982330 1.000000
4.384800 -3.072900 3.042300 1.274100 -1.000000
0.433900 5.539500 2.033000 -0.404320 -1.000000
-0.166820 5.897400 0.498390 -0.700440 -1.000000
-0.695720 8.616500 1.841900 -4.328900 -1.000000
-2.226100 12.539800 2.943800 -3.525800 -1.000000
3.477600 8.811000 -3.188600 -0.922850 -1.000000
-0.213940 -0.682870 0.096532 1.196500 1.000000
2.392500 9.798000 -3.036100 -2.822400 -1.000000
3.946000 6.851400 -1.544300 -0.558200 -1.000000
-1.396800 -9.669800 9.465200 -0.348720 1.000000
1.821600 -6.474800 8.051400 -0.418550 -1.000000
2.679900 3.134900 0.340730 0.584890 -1.000000
-0.959230 -6.712800 4.985700 0.328860 1.000000
3.375600 -4.095100 4.367000 1.069800 -1.000000
-1.568100 -7.244600 6.553700 -0.127600 1.000000
-3.622700 3.995800 -0.358450 -3.904700 1.000000
1.787500 4.780000 -5.136200 -3.236200 1.000000
3.583000 -3.797100 3.439100 -0.125010 -1.000000
-2.063100 -1.514700 1.219000 0.445240 1.000000
-0.697450 -1.767200 -0.344740 -0.123720 1.000000
2.563500 6.776900 -0.619790 0.385760 -1.000000
-1.996600 -9.500100 9.682000 -0.128890 1.000000
-0.917180 9.988400 1.180400 -5.226300 -1.000000
0.588360 10.772700 -1.388400 -4.327600 -1.000000
3.577000 2.400400 1.890800 0.732310 -1.000000
-2.686400 -0.097265 0.616630 0.061192 1.000000
-0.774610 -1.876800 2.402300 1.131900 1.000000
-0.786900 9.566300 -3.786700 -7.503400 -1.000000
-0.703460 2.957000 -3.594700 -3.145700 1.000000
1.299900 2.576200 2.010700 -0.189670 -1.000000
-4.486100 -13.288900 17.308700 -3.219400 1.000000
-2.324200 11.517600 1.823100 -5.375000 -1.000000
1.507700 1.959600 -3.058400 -0.122430 1.000000
-0.620430 0.558700 -0.385870 -0.664230 1.000000
3.431200 6.263700 -1.951300 -0.361650 -1.000000
-2.899000 -0.604240 2.604500 1.377600 1.000000
-2.314200 2.083800 -0.468130 -1.676700 1.000000
4.564500 -3.627500 2.868400 0.277140 -1.000000
-6.163200 8.709600 -0.216210 -3.634500 1.000000
2.555900 3.360500 2.032100 0.268090 -1.000000
-2.028500 3.846800 -0.634350 -1.175000 1.000000
1.640600 3.548800 1.396400 -0.364240 -1.000000
-1.585100 -2.156200 1.708200 0.901700 1.000000
5.203200 3.511600 -1.253800 1.012900 -1.000000
0.299610 7.132800 -0.314750 -1.182800 -1.000000
4.032900 0.231750 0.890820 1.182300 -1.000000
-2.286000 -5.448400 5.803900 0.882310 1.000000
-1.818700 -9.036600 9.016200 -0.122430 1.000000
-0.365060 2.892800 -3.646100 -3.060300 1.000000
-1.698800 -7.116300 5.790200 0.167230 1.000000
1.011700 0.902200 -2.350600 0.427140 1.000000
0.862020 2.696300 4.290800 0.547390 -1.000000
1.105000 7.443200 0.410990 -3.033200 -1.000000
-2.044100 1.227100 0.185640 -1.091000 1.000000
5.722700 5.831200 -2.409700 -0.245270 -1.000000
4.559700 -2.421100 2.641300 1.616800 -1.000000
2.092200 -6.810000 8.463600 -0.602160 -1.000000
-1.998300 -6.607200 4.825400 -0.419840 1.000000
4.429500 -2.350700 1.704800 0.909460 -1.000000
1.957200 -5.115300 8.612700 -1.429700 -1.000000
-1.706400 3.308800 -2.282900 -2.197800 1.000000
2.823700 2.859700 0.196780 0.571960 -1.000000
2.467300 1.392600 1.712500 0.414210 -1.000000
1.356600 4.235800 2.134100 0.321100 -1.000000
-1.695200 1.065700 8.829400 0.949550 -1.000000
-1.638600 3.358400 -1.730200 -3.564600 1.000000
-0.960700 2.696300 -3.122600 -1.312100 1.000000
-2.462100 2.764500 -0.625780 -2.857300 1.000000
-2.790800 -5.713300 5.953000 0.459460 1.000000
-4.288700 -7.863300 11.838700 -1.897800 1.000000
-0.025314 -0.173830 -0.113390 1.219800 1.000000
2.161600 -6.880400 8.151700 -0.081048 -1.000000
0.964410 5.839500 2.323500 0.066365 -1.000000
-2.988300 0.312450 0.450410 0.068951 1.000000
-3.807300 -8.097100 10.177200 0.650840 1.000000
1.579900 -4.707600 7.918600 -1.548700 -1.000000
-1.562100 -2.212100 4.259100 0.279720 1.000000
-0.383880 -1.047100 8.051400 0.495670 -1.000000
4.570700 7.209400 -3.279400 -1.494400 -1.000000
1.684900 8.748900 -1.264100 -1.385800 -1.000000
1.899400 0.974620 4.226500 0.813770 -1.000000
1.594000 4.705500 1.375800 0.081882 -1.000000
-4.553100 -12.585400 15.441700 -1.498300 1.000000
-1.804600 -6.814100 6.701900 1.168100 1.000000
4.707200 8.295700 -2.560500 -1.490500 -1.000000
3.757000 -5.423600 3.825500 -1.252600 -1.000000
0.030219 -1.051200 1.402400 0.773690 1.000000
-2.329900 -9.953200 8.475600 -1.873300 1.000000
3.576100 9.775300 -3.979500 -3.463800 -1.000000
4.240600 -2.485200 1.608000 0.715500 -1.000000
0.681800 4.850400 -5.213300 -6.104300 1.000000
-1.834800 11.033400 3.186300 -4.888800 -1.000000
2.971900 6.836900 -0.270200 0.712910 -1.000000
-0.863390 1.934800 -2.372900 -1.089700 1.000000
-1.480000 -10.524400 9.917600 -0.502600 1.000000
2.439100 6.441700 -0.807430 -0.691390 -1.000000
-2.434900 -9.249700 8.992200 -0.500010 1.000000
-3.551000 1.895500 0.186500 -2.440900 1.000000
3.205100 8.688900 -2.903300 -0.781900 -1.000000
3.926200 6.029900 -2.015600 -0.065531 -1.000000
5.504000 10.367100 -4.413000 -4.021100 -1.000000
-3.882600 4.898000 -0.923110 -5.080100 1.000000
3.883200 6.402300 -2.432000 -0.983630 -1.000000
-1.300000 10.267800 -2.953000 -5.863800 -1.000000
-3.386300 -12.988900 13.054500 -2.720200 1.000000
3.849600 9.793900 -4.150800 -4.458200 -1.000000
-4.944700 3.300500 1.063000 -1.444000 1.000000
0.743070 11.170000 -1.382400 -4.072800 -1.000000
-0.023579 7.174200 0.784570 -0.757340 -1.000000
-5.301200 7.391500 0.029699 -7.398700 1.000000
-1.878200 -6.586500 4.848600 -0.021566 1.000000
-4.142900 2.774900 0.682610 -0.719840 1.000000
-2.668500 -10.451900 9.113900 -1.732300 1.000000
2.306600 3.536400 0.575510 0.419380 -1.000000
0.737600 4.852500 -4.798600 -5.665900 1.000000
-2.541900 -0.658040 2.684200 1.195200 1.000000
-2.537300 -6.959000 8.805400 1.528900 1.000000
0.214310 -0.695290 0.877110 0.296530 1.000000
5.878200 5.940900 -2.854400 -0.608630 -1.000000
-3.079900 0.608360 2.703900 -0.237510 1.000000
2.736500 -5.032500 6.660800 -0.578890 -1.000000
0.642950 7.101800 0.349300 -0.413370 -1.000000
-1.664100 -1.367800 1.997000 0.522830 1.000000
2.229000 9.632500 -3.112300 -2.716400 -1.000000
3.763500 2.781100 0.661190 0.341790 -1.000000
-1.166700 -1.423700 2.924100 0.661190 1.000000
5.086000 3.279800 -1.270100 1.118900 -1.000000
4.323900 -4.883500 3.435600 -0.577600 -1.000000
-1.462800 -1.570600 2.435700 0.498260 1.000000
2.289300 3.733000 0.631200 -0.397860 -1.000000
-2.495300 11.147200 1.935300 -3.463800 -1.000000
1.450700 8.790300 -2.232400 -0.652590 -1.000000
3.971900 1.036700 0.759730 1.001300 -1.000000
0.600500 0.999450 -2.212600 0.097399 1.000000
3.491600 8.570900 -3.032600 -0.591820 -1.000000
-3.895200 3.815700 -0.313040 -3.819400 1.000000
2.042100 1.243600 4.217100 0.904290 -1.000000
-0.102340 1.818900 -2.216900 -0.567250 1.000000
-0.814790 -5.738100 4.391900 0.321100 1.000000
-0.295100 9.048900 -0.527250 -2.078900 -1.000000
5.121300 8.556500 -3.391700 -1.547400 -1.000000
3.819700 8.995100 -4.383000 -4.032700 -1.000000
-1.821500 2.752100 -0.722610 -2.353000 1.000000
2.483000 6.615500 -0.792870 -0.908630 -1.000000
2.621300 5.791900 0.065686 -1.575900 -1.000000
0.508130 0.477990 -1.980400 0.577140 1.000000
5.112900 -0.498710 0.628630 1.118900 -1.000000
3.735200 9.591100 -3.903200 -3.348700 -1.000000
3.618100 -3.745400 2.827300 -0.712080 -1.000000
1.013500 8.455100 -1.672000 -2.081500 -1.000000
0.956260 2.472800 4.457800 0.216360 -1.000000
-1.094100 2.307200 -2.523700 -1.445300 1.000000
-4.377300 -5.516700 10.939000 -0.408200 1.000000
-1.988100 0.999450 -0.285620 -0.700440 1.000000
2.391700 4.556500 -4.988800 -2.898700 1.000000
0.009661 3.561200 -4.407000 -4.410300 1.000000
-3.408300 4.858700 -0.768880 -4.866800 1.000000
-2.702800 1.632700 0.835980 -0.091393 1.000000
2.729600 2.870100 0.511240 0.509900 -1.000000
2.688100 6.019500 -0.466410 -0.692680 -1.000000
-1.149700 1.295400 7.701000 0.626270 -1.000000
5.201200 0.326940 0.179650 1.179700 -1.000000
-1.945800 11.221700 1.907900 -3.440500 -1.000000
-0.270680 3.267400 -3.556200 -3.088800 1.000000
-0.131440 -1.777500 8.331600 0.352140 -1.000000
-3.757300 -8.291600 10.303200 0.380590 1.000000
2.598900 3.517800 0.762300 0.811190 -1.000000
3.466300 1.111200 1.742500 1.338800 -1.000000
-0.831210 0.039307 0.053690 -0.231050 1.000000
0.324440 10.067000 -1.198200 -4.128400 -1.000000
-0.705600 8.724100 2.221500 -4.596500 -1.000000
-2.280400 -0.306260 1.334700 1.376300 1.000000
2.550300 -4.951800 6.372900 -0.415960 -1.000000
2.146400 6.079500 -0.577800 -2.230200 -1.000000
4.173600 3.333600 -1.424400 0.604290 -1.000000
-3.605300 -5.974000 10.091600 -0.828460 1.000000
-5.030100 7.503200 -0.133960 -7.503400 1.000000
-1.769700 3.432900 -1.214400 -2.378900 1.000000
1.270600 8.035000 -0.196510 -2.188800 -1.000000
0.570600 -0.024800 1.242100 -0.562100 -1.000000
5.286800 3.257000 -1.372100 1.166800 -1.000000
0.116860 3.735000 -4.437900 -4.374100 1.000000
-1.224400 1.748500 -1.480100 -1.418100 1.000000
0.904070 3.370800 -4.498700 -3.696500 1.000000
-1.595100 -6.572000 4.768900 -0.943540 1.000000
-1.966700 11.805200 -0.404720 -7.871900 -1.000000
-3.086600 -6.636200 10.540500 -0.891820 1.000000
-3.750300 -13.458600 17.593200 -2.777100 1.000000
-1.118800 3.335700 -1.345500 -1.957300 1.000000
4.807700 2.232700 -0.263340 1.553400 -1.000000
3.824400 -3.108100 2.453700 0.520240 -1.000000
-0.121960 8.806800 0.945660 -4.226700 -1.000000
2.005100 -6.863800 8.132000 -0.240100 -1.000000
2.549000 6.149900 -1.160500 -1.237100 -1.000000
1.000900 7.784600 -0.282190 -2.660800 -1.000000
0.570600 -0.024841 1.242100 -0.562080 -1.000000
4.792600 1.707100 -0.051701 1.492600 -1.000000
0.570600 -0.024800 1.242100 -0.562100 -1.000000
2.969500 5.622200 0.275610 -1.155600 -1.000000
4.071300 10.402300 -4.172200 -4.758200 -1.000000
3.086400 -2.584500 2.230900 0.309470 -1.000000
4.119700 -2.795600 2.070700 0.674120 -1.000000
-0.161080 -6.462400 8.357300 -1.521600 -1.000000
-1.955100 -6.975600 5.538300 -0.128890 1.000000
0.163580 -3.358400 1.374900 1.356900 1.000000
4.306400 8.206800 -2.782400 -1.433600 -1.000000
2.820900 7.310800 -0.818570 -1.878400 -1.000000
0.519500 -3.263300 3.089500 -0.984900 -1.000000
-3.959400 4.028900 -0.358450 -3.895700 1.000000
-0.429400 -0.146930 0.044265 -0.156050 1.000000
5.438000 9.466900 -4.941700 -3.920200 -1.000000
0.868160 10.242900 -1.491200 -4.008200 -1.000000
5.045200 3.896400 -1.430400 0.862910 -1.000000
-3.681700 3.223900 -0.693470 -3.400400 1.000000
-2.410000 3.743300 -0.402150 -1.295300 1.000000
-4.067900 2.495500 0.795710 -1.103900 1.000000
3.773100 7.207300 -1.681400 -0.947420 -1.000000
0.929700 -3.797100 4.642900 -0.295700 -1.000000
1.590400 2.212100 -3.118300 -0.117250 1.000000
1.323400 3.296400 0.236200 -0.119840 -1.000000
0.268770 4.987000 -5.150800 -6.391300 1.000000
-2.252700 11.532100 2.589900 -3.273700 -1.000000
-1.803000 11.881800 2.045800 -5.272800 -1.000000
2.826100 9.400700 -3.303400 -1.050900 -1.000000
2.209100 7.455600 -1.328400 -3.302100 -1.000000
2.254600 8.099200 -0.248770 -3.269800 -1.000000
-0.466510 2.338300 -2.981200 -1.043100 1.000000
3.480500 9.700800 -3.754100 -3.437900 -1.000000
-0.450620 -1.367800 7.085800 -0.403030 -1.000000
-3.696100 -13.677900 17.579500 -2.618100 1.000000
1.899300 7.662500 0.153940 -3.110800 -1.000000
-2.133300 1.568500 -0.084261 -1.745300 1.000000
0.248350 7.643900 0.988500 -0.873710 -1.000000
0.589820 7.426600 1.235300 -2.959500 -1.000000
4.021500 -2.191400 2.464800 1.140900 -1.000000
3.230300 7.838400 -3.534800 -1.215100 -1.000000
-2.248200 3.091500 -2.396900 -2.671100 1.000000
2.127400 5.193900 -1.797100 -1.176300 -1.000000
1.642600 3.014900 0.228490 -0.147000 -1.000000
-0.216610 8.032900 1.884800 -3.885300 -1.000000
3.896900 7.416300 -1.824500 0.140070 -1.000000
0.895120 4.773800 -4.843100 -5.590900 1.000000
0.519470 -3.263300 3.089500 -0.984920 -1.000000
3.258500 -4.461400 3.802400 -0.150870 -1.000000
1.356200 3.213600 4.346500 0.786620 -1.000000
3.515600 10.189100 -4.275900 -4.978000 -1.000000
1.257200 4.873100 -5.286100 -5.874100 1.000000
2.974200 8.960000 -2.902400 -1.037900 -1.000000
-3.601200 -6.538900 10.523400 -0.489670 1.000000
-7.036400 9.293100 0.165940 -4.539600 1.000000
-1.844800 1.254000 0.272180 -1.072800 1.000000
-0.014902 -1.024300 -0.940240 0.649550 1.000000
0.895660 7.776300 -2.747300 -1.935300 -1.000000
-2.367500 -0.436630 1.692000 -0.430180 1.000000
-3.568100 -8.213000 10.083000 0.967650 1.000000
-1.759900 11.921100 2.675600 -3.324100 -1.000000
2.765900 0.662160 4.149400 -0.284060 -1.000000
0.295200 4.885600 -5.149000 -6.232300 1.000000
-2.322100 -9.330400 9.233000 -0.798710 1.000000
-5.166100 8.043300 0.044265 -4.498300 1.000000
0.473680 3.360500 -4.506400 -4.043100 1.000000
4.165400 -3.449500 3.643000 1.087900 -1.000000
5.681000 7.795000 -2.684800 -0.925440 -1.000000
2.942100 7.410100 -0.977090 -0.884060 -1.000000
-1.616200 0.809080 8.162800 0.608170 -1.000000
-3.969800 3.681200 -0.600080 -4.013300 1.000000
3.137700 -4.109600 4.570100 0.989630 -1.000000
-0.954030 1.982400 -2.316300 -1.195700 1.000000
-2.949800 -8.273000 10.264600 1.162900 1.000000
0.003120 -4.006100 1.795600 0.917220 1.000000
-1.341400 -1.916200 -0.155380 -0.119840 1.000000
3.591200 3.012900 0.728880 0.564210 -1.000000
-4.746200 3.120500 1.075000 -1.296600 1.000000
-1.858400 7.886000 -1.664300 -1.838400 -1.000000
1.155800 6.400300 1.550600 0.696100 -1.000000
0.173460 7.869500 0.268760 -3.788300 -1.000000
-2.596100 -9.349000 9.794200 -0.280180 1.000000
-2.572400 -0.956020 2.707300 -0.166390 1.000000
2.175200 -0.809100 5.102200 -0.679750 -1.000000
-1.388700 -4.877300 6.477400 0.341790 1.000000
4.718100 10.015300 -3.948600 -3.858200 -1.000000
3.966300 10.168400 -4.113100 -4.605600 -1.000000
3.793500 7.985300 -2.547700 -1.872000 -1.000000
4.643900 -3.372900 2.597600 0.552570 -1.000000
2.567800 3.513600 0.614060 -0.406910 -1.000000
4.044600 11.174100 -4.358200 -4.740100 -1.000000
-0.553550 -7.923300 6.715600 0.743940 1.000000
3.489300 6.690000 -1.204200 -0.387510 -1.000000
-0.247450 1.936800 -2.469700 -0.805180 1.000000
-2.165200 3.021100 -2.413200 -2.424100 1.000000
3.802300 -3.869600 4.044000 0.953430 -1.000000
2.395200 9.508300 -3.178300 -3.008600 -1.000000
-2.714300 11.453500 2.109200 -3.962900 -1.000000
3.896200 -4.790400 3.395400 -0.537510 -1.000000
3.269200 3.418400 0.207060 -0.066824 -1.000000
-1.055500 0.794590 -1.696800 -0.467680 1.000000
3.666700 4.302000 0.559230 0.337910 -1.000000
-0.492810 3.060500 -1.835600 -2.834000 1.000000
1.820500 6.756200 0.009991 0.394810 -1.000000
-1.667700 -7.153500 7.892900 0.967650 1.000000
-0.568770 1.417400 -1.425200 -1.124600 1.000000
-1.749000 -6.332000 6.098700 0.142660 1.000000
3.607700 6.857600 -1.162200 0.282310 -1.000000
-1.457200 9.121400 1.742500 -5.124100 -1.000000
2.452700 2.965300 0.200210 -0.056479 -1.000000
-0.873400 -0.033118 -0.201650 0.557740 1.000000
-1.663700 3.288100 -2.270100 -2.222400 1.000000
-1.732200 -9.282800 7.719000 -1.716800 1.000000
-4.147900 7.122500 -0.083404 -6.417200 1.000000
-1.074400 -6.311300 5.355000 0.804720 1.000000
-1.421700 11.654200 -0.057699 -7.102500 -1.000000
-3.941100 -12.879200 13.059700 -3.312500 1.000000
5.358600 3.755700 -1.734500 1.078900 -1.000000
-0.071503 3.741200 -4.541500 -4.252600 1.000000
-1.841100 10.830600 2.769000 -3.090100 -1.000000
-1.130600 1.845800 -1.357500 -1.380600 1.000000
4.649900 7.633600 -1.942700 -0.374580 -1.000000
-6.577300 6.801700 0.854830 -7.534400 1.000000
1.023500 6.901000 -2.006200 -2.712500 -1.000000
-0.602540 1.723700 -2.150100 -0.770270 1.000000
-2.208300 -9.106900 8.999100 -0.284060 1.000000
-1.858400 7.886000 -1.664300 -1.838400 -1.000000
0.876030 6.814100 0.841980 -0.171560 -1.000000
0.243940 1.473300 -1.419200 -0.585350 1.000000
2.250400 3.575700 0.352730 0.283600 -1.000000
-4.477500 -13.030300 17.083400 -3.034500 1.000000
4.042200 -4.391000 4.746600 1.137000 -1.000000
-0.510030 -0.235910 0.020273 0.763340 1.000000
0.384780 6.598900 -0.333600 -0.564660 -1.000000
1.131500 7.921200 1.093000 -2.844400 -1.000000
-0.660080 -3.226000 3.805800 1.183600 1.000000
-0.887280 2.808000 -3.143200 -1.203500 1.000000
-1.807600 -8.813100 8.708600 -0.216820 1.000000
0.441250 2.948700 4.322500 0.715500 -1.000000
0.967880 7.190700 1.279800 -2.456500 -1.000000
1.308700 4.922800 2.001300 0.220240 -1.000000
-3.793000 -12.709500 12.795700 -2.825000 1.000000
-0.826010 2.961100 -1.286400 -1.464700 1.000000
3.063200 -3.331500 5.130500 0.826700 -1.000000
0.382510 6.812100 1.812800 -0.612510 -1.000000
-1.666200 -0.300050 1.423800 0.024986 1.000000
2.560500 9.268300 -3.591300 -1.356000 -1.000000
1.742000 -4.809000 8.214200 -2.065900 -1.000000
0.045304 6.733400 1.070800 -0.933200 -1.000000
-1.236900 -1.690600 2.518000 0.516360 1.000000
-0.714940 -4.444800 2.224100 0.498260 1.000000
3.242200 6.226500 0.122240 -1.446600 -1.000000
1.167600 9.156600 -2.086700 -0.806470 -1.000000
2.877000 -4.059900 3.625900 -0.325440 -1.000000
-1.442700 3.292200 -1.970200 -3.439200 1.000000
-0.248110 -0.177970 4.906800 0.154290 -1.000000
-2.291800 -7.257000 7.959700 0.921100 1.000000
1.341900 -4.422100 8.090000 -1.734900 -1.000000
-0.965110 9.411100 1.730500 -4.862900 -1.000000
4.635200 -3.008700 2.677300 1.212000 -1.000000
0.329200 -4.455200 4.571800 -0.988800 -1.000000
2.031000 1.852000 -3.012100 0.003003 1.000000
-2.708300 -6.826600 7.533900 0.590070 1.000000
-1.437700 -1.432000 2.114400 0.420670 1.000000
1.603200 -4.786300 8.519300 -2.120300 -1.000000
-2.261700 -4.742800 6.348900 0.111620 1.000000
-1.253700 10.880300 1.931000 -4.323700 -1.000000
-0.348100 -0.386960 -0.478410 0.626270 1.000000
-1.848300 0.310380 0.773440 1.418900 1.000000
-1.444600 2.143800 -0.472410 -1.667700 1.000000
-1.490400 -2.218300 1.605400 0.893940 1.000000
-0.362790 8.289500 -1.921300 -3.333200 -1.000000
2.923300 6.046400 -0.111680 -0.586650 -1.000000
3.912100 2.973500 0.928520 0.605580 -1.000000
4.650000 -4.829700 3.455300 -0.251740 -1.000000
0.778050 6.642400 -1.142500 -1.057300 -1.000000
-4.017300 -8.312300 12.454700 -1.437500 1.000000
2.691700 10.816100 -3.300000 -4.288800 -1.000000
3.916600 10.249100 -4.092600 -4.465900 -1.000000
3.435900 0.662160 2.104100 1.892200 -1.000000
-2.914600 4.053700 -0.456990 -4.032700 1.000000
3.108800 3.112200 0.808570 0.433600 -1.000000
2.536700 2.599000 2.093800 0.200850 -1.000000
-0.895690 3.002500 -3.606700 -3.445700 1.000000
1.981800 9.262100 -3.521000 -1.872000 -1.000000
-0.778480 3.401900 -3.485900 -3.556900 1.000000
1.131700 3.964700 3.397900 0.843510 -1.000000
3.241400 0.409710 1.401500 1.195200 -1.000000
-1.327400 9.498000 2.440800 -5.268900 -1.000000
-4.387600 -7.726700 11.965500 -1.454300 1.000000
-2.121000 -0.055880 1.949000 1.353000 1.000000
-1.938900 1.570600 0.045979 -1.122000 1.000000
4.348300 11.107900 -4.085700 -4.253900 -1.000000
4.012700 10.147700 -3.936600 -4.072800 -1.000000
-3.993400 5.833300 0.547230 -4.937900 1.000000
4.368400 9.671800 -3.960600 -3.162500 -1.000000
1.019100 2.330000 4.933400 0.829290 -1.000000
-0.878740 -2.212100 -0.051701 0.099985 1.000000
-0.942550 0.039307 -0.241920 0.315930 1.000000
2.017700 1.798200 -2.958100 0.209900 1.000000
-1.897400 3.507400 -1.784200 -3.849100 1.000000
-1.427500 11.879700 0.416130 -6.997800 -1.000000
3.598200 7.130700 -1.303500 0.212480 -1.000000
2.015300 1.847900 3.137500 0.428430 -1.000000
5.937400 6.166400 -2.590500 -0.365530 -1.000000
2.013900 6.141600 0.379290 0.569380 -1.000000
4.175700 10.261500 -3.855200 -4.305600 -1.000000
4.202700 0.227610 0.961080 0.972820 -1.000000
-3.360400 -0.326960 2.132400 0.601700 1.000000
0.224320 -0.521470 -0.403860 1.201700 1.000000
0.202160 1.918200 -3.282800 -0.617680 1.000000
0.935840 8.885500 -1.683100 -1.659900 -1.000000
0.774450 9.055200 -2.408900 -1.388400 -1.000000
1.208000 4.074400 -4.763500 -2.612900 1.000000
0.607310 3.954400 -4.772000 -4.485300 1.000000
-0.690780 -0.500770 -0.354170 0.474980 1.000000
-0.894090 3.199100 -1.821900 -2.945200 1.000000
1.947600 -4.773800 8.527000 -1.866800 -1.000000
2.664800 10.754000 -3.399400 -4.168500 -1.000000
6.091900 2.967300 -1.326700 1.455100 -1.000000
4.339800 -5.303600 3.880300 -0.704320 -1.000000
-0.236100 9.322100 2.130700 -4.379300 -1.000000
0.744280 -3.772300 1.613100 1.575400 1.000000
0.379800 0.709800 0.757200 -0.444400 -1.000000
4.992300 7.865300 -2.351500 -0.719840 -1.000000
2.823200 10.851300 -3.146600 -3.978400 -1.000000
0.705700 -5.498100 8.336800 -2.871500 -1.000000
2.739100 7.401800 0.071684 -2.530200 -1.000000
2.829700 6.348500 -0.735460 -0.586650 -1.000000
2.401200 1.622300 3.031200 0.716790 -1.000000
-0.898090 -4.486200 2.200900 0.507310 1.000000
2.316400 -2.628000 3.152900 -0.086220 -1.000000
1.509900 0.039307 6.233200 -0.303460 -1.000000
-1.917700 11.689400 2.545400 -3.276300 -1.000000
4.258600 11.296200 -4.094300 -4.345700 -1.000000
-2.566500 -6.882400 7.541600 0.707740 1.000000
0.004054 0.629050 -0.641210 0.758170 1.000000
3.358300 10.356700 -3.730100 -3.699100 -1.000000
-0.419650 2.909400 -1.785900 -2.206900 1.000000
-4.224900 6.269900 0.158220 -5.545700 1.000000
4.936200 7.604600 -2.342900 -0.853020 -1.000000
-0.508160 2.868000 -1.810800 -2.261200 1.000000
-2.591200 -0.105540 1.279800 1.041400 1.000000
3.459100 11.112000 -4.203900 -5.093100 -1.000000
1.375400 8.879300 -1.913600 -0.537510 -1.000000
1.488400 3.627400 3.308000 0.489210 -1.000000
-1.507500 1.922400 7.146600 0.891360 -1.000000
1.219800 2.098200 -3.195400 0.128430 1.000000
-0.720680 -6.758300 5.840800 0.623690 1.000000
3.359000 9.802200 -3.820900 -3.713300 -1.000000
-2.075400 1.276700 -0.642060 -1.264200 1.000000
-1.839100 -9.088300 9.241600 -0.104320 1.000000
4.601400 5.626400 -2.123500 0.193090 -1.000000
-2.389800 -0.784270 3.014100 0.762050 1.000000
-0.786900 9.566300 -3.786700 -7.503400 -1.000000
-4.211000 -12.473600 14.970400 -1.388400 1.000000
3.094800 8.732400 -2.900700 -0.966820 -1.000000
-1.300000 10.267800 -2.953000 -5.863800 -1.000000
0.518000 0.258650 -0.840850 0.961180 1.000000
3.931000 1.854100 -0.023425 1.231400 -1.000000
-1.131300 1.903700 7.533900 1.022000 -1.000000
3.498500 3.163900 0.226770 -0.165100 -1.000000
-2.398300 12.606000 2.946400 -5.788800 -1.000000
2.569800 -4.407600 5.985600 0.078002 -1.000000
-1.394600 2.313400 -0.444990 -1.490500 1.000000
-0.167350 7.627400 1.206100 -3.624100 -1.000000
-2.791400 1.773400 6.775600 -0.399150 -1.000000
4.454900 2.497600 1.031300 0.968940 -1.000000
3.188700 -3.414300 2.774200 -0.202600 -1.000000
-0.119960 6.874100 0.919950 -0.669400 -1.000000
3.033300 -2.592800 2.318300 0.303000 -1.000000
-2.250100 3.312900 -0.883690 -2.897400 1.000000
-2.096200 -7.105900 6.618800 -0.337080 1.000000
-1.080200 2.199600 -2.586200 -1.275900 1.000000
3.658200 5.686400 -1.715700 -0.237510 -1.000000
2.867200 10.000800 -3.204900 -3.109500 -1.000000
2.796100 2.121000 1.838500 0.383170 -1.000000
-5.903400 6.567900 0.676610 -6.679700 1.000000
0.569530 7.629400 1.575400 -3.223300 -1.000000
4.743200 2.108600 0.136800 1.654300 -1.000000
0.147830 7.946000 1.074200 -3.340900 -1.000000
-2.839100 -6.630000 10.484900 -0.421130 1.000000
-1.587700 -6.607200 5.802200 0.315930 1.000000
-6.336400 9.284800 0.014275 -6.784400 1.000000
-2.484000 12.161100 2.820400 -3.741800 -1.000000
0.273310 4.877300 -4.919400 -5.819800 1.000000
1.063700 3.695700 -4.159400 -1.937900 1.000000
-1.242400 -1.717500 -0.525530 -0.210360 1.000000
1.837300 6.129200 0.840270 0.552570 -1.000000
-2.014900 3.687400 -1.938500 -3.891800 1.000000
